[INFO] [launch]: All log files can be found below /root/.ros/log/2025-02-21-19-25-35-474122-yride2-24727
[INFO] [launch]: Default logging verbosity is set to INFO
[INFO] [multi_lidar_calibration_ndt_node-1]: process started with pid [24728]
[multi_lidar_calibration_ndt_node-1] initial guess: 
[multi_lidar_calibration_ndt_node-1] -0.707104  -0.70711         0   -0.0889
[multi_lidar_calibration_ndt_node-1]  0.464837 -0.464832 -0.753563  -0.73025
[multi_lidar_calibration_ndt_node-1]  0.532852 -0.532847  0.657375   -0.2413
[multi_lidar_calibration_ndt_node-1]         0         0         0         1
[multi_lidar_calibration_ndt_node-1] NDT converged.
[multi_lidar_calibration_ndt_node-1] The score is 6.62418
[multi_lidar_calibration_ndt_node-1] Transformation matrix:
[multi_lidar_calibration_ndt_node-1]   -0.713286    -0.70087 -0.00197386  -0.0830121
[multi_lidar_calibration_ndt_node-1]    0.450901   -0.456729   -0.766869   -0.739055
[multi_lidar_calibration_ndt_node-1]    0.536574   -0.547887    0.641801   -0.215217
[multi_lidar_calibration_ndt_node-1]           0           0           0           1
[multi_lidar_calibration_ndt_node-1] This transformation can be replicated using:
[multi_lidar_calibration_ndt_node-1] ros2 run tf2_ros static_transform_publisher -0.0830121  -0.739055  -0.215217   2.57787 -0.566372 -0.706621 os_lidar_top os_lidar_left
[multi_lidar_calibration_ndt_node-1] process time: 2139.53ms.
[multi_lidar_calibration_ndt_node-1] 
[multi_lidar_calibration_ndt_node-1] NDT converged.
[multi_lidar_calibration_ndt_node-1] The score is 6.11697
[multi_lidar_calibration_ndt_node-1] Transformation matrix:
[multi_lidar_calibration_ndt_node-1]   -0.71538  -0.698719 0.00484703  -0.082857
[multi_lidar_calibration_ndt_node-1]   0.444353  -0.460281  -0.768565   -0.72726
[multi_lidar_calibration_ndt_node-1]   0.539242  -0.547662   0.639754  -0.221945
[multi_lidar_calibration_ndt_node-1]          0          0          0          1
[multi_lidar_calibration_ndt_node-1] This transformation can be replicated using:
[multi_lidar_calibration_ndt_node-1] ros2 run tf2_ros static_transform_publisher -0.082857  -0.72726 -0.221945   2.58577 -0.569537 -0.707997 os_lidar_top os_lidar_left
[multi_lidar_calibration_ndt_node-1] process time: 2208.75ms.
[multi_lidar_calibration_ndt_node-1] 
[multi_lidar_calibration_ndt_node-1] NDT converged.
[multi_lidar_calibration_ndt_node-1] The score is 6.55484
[multi_lidar_calibration_ndt_node-1] Transformation matrix:
[multi_lidar_calibration_ndt_node-1]  -0.716281  -0.697793 0.00508081 -0.0820226
[multi_lidar_calibration_ndt_node-1]   0.446346  -0.463744  -0.765321  -0.720268
[multi_lidar_calibration_ndt_node-1]   0.536392  -0.545917   0.643628   -0.24375
[multi_lidar_calibration_ndt_node-1]          0          0          0          1
[multi_lidar_calibration_ndt_node-1] This transformation can be replicated using:
[multi_lidar_calibration_ndt_node-1] ros2 run tf2_ros static_transform_publisher -0.0820226  -0.720268   -0.24375   2.58433 -0.566156 -0.703441 os_lidar_top os_lidar_left
[multi_lidar_calibration_ndt_node-1] process time: 3426.1ms.
[multi_lidar_calibration_ndt_node-1] 
[multi_lidar_calibration_ndt_node-1] NDT converged.
[multi_lidar_calibration_ndt_node-1] The score is 6.48137
[multi_lidar_calibration_ndt_node-1] Transformation matrix:
[multi_lidar_calibration_ndt_node-1]  -0.716062   -0.69802 0.00483244 -0.0840332
[multi_lidar_calibration_ndt_node-1]   0.447471  -0.464329  -0.764309  -0.725069
[multi_lidar_calibration_ndt_node-1]   0.535747  -0.545131   0.644832  -0.246852
[multi_lidar_calibration_ndt_node-1]          0          0          0          1
[multi_lidar_calibration_ndt_node-1] This transformation can be replicated using:
[multi_lidar_calibration_ndt_node-1] ros2 run tf2_ros static_transform_publisher -0.0840332  -0.725069  -0.246852   2.58306 -0.565392 -0.701808 os_lidar_top os_lidar_left
[multi_lidar_calibration_ndt_node-1] process time: 3379.25ms.
[multi_lidar_calibration_ndt_node-1] 
[multi_lidar_calibration_ndt_node-1] NDT converged.
[multi_lidar_calibration_ndt_node-1] The score is 7.59369
[multi_lidar_calibration_ndt_node-1] Transformation matrix:
[multi_lidar_calibration_ndt_node-1]   -0.71712  -0.696939 0.00378087 -0.0795153
[multi_lidar_calibration_ndt_node-1]   0.446568  -0.463651  -0.765248  -0.721973
[multi_lidar_calibration_ndt_node-1]   0.535084  -0.547087   0.643724  -0.252699
[multi_lidar_calibration_ndt_node-1]          0          0          0          1
[multi_lidar_calibration_ndt_node-1] This transformation can be replicated using:
[multi_lidar_calibration_ndt_node-1] ros2 run tf2_ros static_transform_publisher -0.0795153  -0.721973  -0.252699   2.58463 -0.564608 -0.704423 os_lidar_top os_lidar_left
[multi_lidar_calibration_ndt_node-1] process time: 3400.15ms.
[multi_lidar_calibration_ndt_node-1] 
[multi_lidar_calibration_ndt_node-1] NDT converged.
[multi_lidar_calibration_ndt_node-1] The score is 6.41628
[multi_lidar_calibration_ndt_node-1] Transformation matrix:
[multi_lidar_calibration_ndt_node-1]  -0.716916  -0.697146 0.00436513 -0.0798268
[multi_lidar_calibration_ndt_node-1]    0.44464  -0.462054  -0.767334  -0.717281
[multi_lidar_calibration_ndt_node-1]   0.536961  -0.548173   0.641232  -0.248074
[multi_lidar_calibration_ndt_node-1]          0          0          0          1
[multi_lidar_calibration_ndt_node-1] This transformation can be replicated using:
[multi_lidar_calibration_ndt_node-1] ros2 run tf2_ros static_transform_publisher -0.0798268  -0.717281  -0.248074   2.58644  -0.56683 -0.707317 os_lidar_top os_lidar_left
[multi_lidar_calibration_ndt_node-1] process time: 3382.89ms.
[multi_lidar_calibration_ndt_node-1] 
[multi_lidar_calibration_ndt_node-1] NDT converged.
[multi_lidar_calibration_ndt_node-1] The score is 6.69526
[multi_lidar_calibration_ndt_node-1] Transformation matrix:
[multi_lidar_calibration_ndt_node-1]  -0.716788  -0.697279 0.00414073 -0.0833888
[multi_lidar_calibration_ndt_node-1]   0.442385  -0.459336  -0.770264  -0.715968
[multi_lidar_calibration_ndt_node-1]   0.538991  -0.550284   0.637712  -0.238395
[multi_lidar_calibration_ndt_node-1]          0          0          0          1
[multi_lidar_calibration_ndt_node-1] This transformation can be replicated using:
[multi_lidar_calibration_ndt_node-1] ros2 run tf2_ros static_transform_publisher -0.0833888  -0.715968  -0.238395   2.58864 -0.569239 -0.711938 os_lidar_top os_lidar_left
[multi_lidar_calibration_ndt_node-1] process time: 3401.71ms.
[multi_lidar_calibration_ndt_node-1] 
[multi_lidar_calibration_ndt_node-1] NDT converged.
[multi_lidar_calibration_ndt_node-1] The score is 6.44786
[multi_lidar_calibration_ndt_node-1] Transformation matrix:
[multi_lidar_calibration_ndt_node-1]  -0.716492  -0.697585 0.00371426 -0.0850965
[multi_lidar_calibration_ndt_node-1]   0.444462    -0.4606   -0.76831  -0.728594
[multi_lidar_calibration_ndt_node-1]   0.537673  -0.548838   0.640067  -0.249164
[multi_lidar_calibration_ndt_node-1]          0          0          0          1
[multi_lidar_calibration_ndt_node-1] This transformation can be replicated using:
[multi_lidar_calibration_ndt_node-1] ros2 run tf2_ros static_transform_publisher -0.0850965  -0.728594  -0.249164   2.58636 -0.567674 -0.708815 os_lidar_top os_lidar_left
[multi_lidar_calibration_ndt_node-1] process time: 3387.55ms.
[multi_lidar_calibration_ndt_node-1] 
[multi_lidar_calibration_ndt_node-1] NDT converged.
[multi_lidar_calibration_ndt_node-1] The score is 7.07353
[multi_lidar_calibration_ndt_node-1] Transformation matrix:
[multi_lidar_calibration_ndt_node-1]  -0.716488  -0.697589 0.00368302  -0.086544
[multi_lidar_calibration_ndt_node-1]   0.443122  -0.459193  -0.769925  -0.728362
[multi_lidar_calibration_ndt_node-1]   0.538783  -0.550011   0.638124   -0.24125
[multi_lidar_calibration_ndt_node-1]          0          0          0          1
[multi_lidar_calibration_ndt_node-1] This transformation can be replicated using:
[multi_lidar_calibration_ndt_node-1] ros2 run tf2_ros static_transform_publisher -0.086544 -0.728362  -0.24125   2.58771 -0.568991 -0.711373 os_lidar_top os_lidar_left
[multi_lidar_calibration_ndt_node-1] process time: 3442.6ms.
[multi_lidar_calibration_ndt_node-1] 
[multi_lidar_calibration_ndt_node-1] NDT converged.
[multi_lidar_calibration_ndt_node-1] The score is 6.62459
[multi_lidar_calibration_ndt_node-1] Transformation matrix:
[multi_lidar_calibration_ndt_node-1]  -0.716618  -0.697457 0.00365469 -0.0896687
[multi_lidar_calibration_ndt_node-1]   0.443944  -0.460169  -0.768868  -0.727222
[multi_lidar_calibration_ndt_node-1]   0.537934  -0.549362   0.639397  -0.248966
[multi_lidar_calibration_ndt_node-1]          0          0          0          1
[multi_lidar_calibration_ndt_node-1] This transformation can be replicated using:
[multi_lidar_calibration_ndt_node-1] ros2 run tf2_ros static_transform_publisher -0.0896687  -0.727222  -0.248966   2.58696 -0.567984 -0.709803 os_lidar_top os_lidar_left
[multi_lidar_calibration_ndt_node-1] process time: 2211.82ms.
[multi_lidar_calibration_ndt_node-1] 
[multi_lidar_calibration_ndt_node-1] NDT converged.
[multi_lidar_calibration_ndt_node-1] The score is 6.67662
[multi_lidar_calibration_ndt_node-1] Transformation matrix:
[multi_lidar_calibration_ndt_node-1]  -0.716477  -0.697604 0.00317219 -0.0874259
[multi_lidar_calibration_ndt_node-1]   0.444142  -0.459656   -0.76906  -0.731916
[multi_lidar_calibration_ndt_node-1]   0.537957  -0.549605   0.639168  -0.248032
[multi_lidar_calibration_ndt_node-1]          0          0          0          1
[multi_lidar_calibration_ndt_node-1] This transformation can be replicated using:
[multi_lidar_calibration_ndt_node-1] ros2 run tf2_ros static_transform_publisher -0.0874259  -0.731916  -0.248032   2.58667 -0.568012   -0.7102 os_lidar_top os_lidar_left
[multi_lidar_calibration_ndt_node-1] process time: 2152.67ms.
[multi_lidar_calibration_ndt_node-1] 
[multi_lidar_calibration_ndt_node-1] NDT converged.
[multi_lidar_calibration_ndt_node-1] The score is 6.55334
[multi_lidar_calibration_ndt_node-1] Transformation matrix:
[multi_lidar_calibration_ndt_node-1]  -0.716522  -0.697557 0.00316019 -0.0900239
[multi_lidar_calibration_ndt_node-1]   0.444252  -0.459814  -0.768902  -0.730597
[multi_lidar_calibration_ndt_node-1]   0.537806  -0.549532   0.639359  -0.248184
[multi_lidar_calibration_ndt_node-1]          0          0          0          1
[multi_lidar_calibration_ndt_node-1] This transformation can be replicated using:
[multi_lidar_calibration_ndt_node-1] ros2 run tf2_ros static_transform_publisher -0.0900239  -0.730597  -0.248184   2.58659 -0.567833 -0.709986 os_lidar_top os_lidar_left
[multi_lidar_calibration_ndt_node-1] process time: 2260.62ms.
[multi_lidar_calibration_ndt_node-1] 
[multi_lidar_calibration_ndt_node-1] NDT converged.
[multi_lidar_calibration_ndt_node-1] The score is 7.43041
[multi_lidar_calibration_ndt_node-1] Transformation matrix:
[multi_lidar_calibration_ndt_node-1]  -0.716526  -0.697553  0.0032262 -0.0904058
[multi_lidar_calibration_ndt_node-1]   0.443774  -0.459403  -0.769424  -0.730331
[multi_lidar_calibration_ndt_node-1]   0.538196  -0.549881    0.63873  -0.245256
[multi_lidar_calibration_ndt_node-1]          0          0          0          1
[multi_lidar_calibration_ndt_node-1] This transformation can be replicated using:
[multi_lidar_calibration_ndt_node-1] ros2 run tf2_ros static_transform_publisher -0.0904058  -0.730331  -0.245256   2.58707 -0.568295 -0.710786 os_lidar_top os_lidar_left
[multi_lidar_calibration_ndt_node-1] process time: 3384ms.
[multi_lidar_calibration_ndt_node-1] 
[multi_lidar_calibration_ndt_node-1] NDT converged.
[multi_lidar_calibration_ndt_node-1] The score is 6.14468
[multi_lidar_calibration_ndt_node-1] Transformation matrix:
[multi_lidar_calibration_ndt_node-1]  -0.716459  -0.697622 0.00318824 -0.0890813
[multi_lidar_calibration_ndt_node-1]   0.444747  -0.460268  -0.768345  -0.731037
[multi_lidar_calibration_ndt_node-1]   0.537481  -0.549069   0.640028  -0.251752
[multi_lidar_calibration_ndt_node-1]          0          0          0          1
[multi_lidar_calibration_ndt_node-1] This transformation can be replicated using:
[multi_lidar_calibration_ndt_node-1] ros2 run tf2_ros static_transform_publisher -0.0890813  -0.731037  -0.251752   2.58605 -0.567448 -0.709053 os_lidar_top os_lidar_left
[multi_lidar_calibration_ndt_node-1] process time: 2206.71ms.
[multi_lidar_calibration_ndt_node-1] 
[multi_lidar_calibration_ndt_node-1] NDT converged.
[multi_lidar_calibration_ndt_node-1] The score is 6.48712
[multi_lidar_calibration_ndt_node-1] Transformation matrix:
[multi_lidar_calibration_ndt_node-1]  -0.716397  -0.697687  0.0029512 -0.0872745
[multi_lidar_calibration_ndt_node-1]   0.443926  -0.459086  -0.769526  -0.734204
[multi_lidar_calibration_ndt_node-1]   0.538243  -0.549976   0.638608  -0.244223
[multi_lidar_calibration_ndt_node-1]          0          0          0          1
[multi_lidar_calibration_ndt_node-1] This transformation can be replicated using:
[multi_lidar_calibration_ndt_node-1] ros2 run tf2_ros static_transform_publisher -0.0872745  -0.734204  -0.244223   2.58684 -0.568351 -0.710966 os_lidar_top os_lidar_left
[multi_lidar_calibration_ndt_node-1] process time: 2180.04ms.
[multi_lidar_calibration_ndt_node-1] 
[multi_lidar_calibration_ndt_node-1] NDT converged.
[multi_lidar_calibration_ndt_node-1] The score is 6.55002
[multi_lidar_calibration_ndt_node-1] Transformation matrix:
[multi_lidar_calibration_ndt_node-1]  -0.716458  -0.697623 0.00316748 -0.0891022
[multi_lidar_calibration_ndt_node-1]   0.444443  -0.459932  -0.768722  -0.732762
[multi_lidar_calibration_ndt_node-1]   0.537735  -0.549349   0.639575   -0.24908
[multi_lidar_calibration_ndt_node-1]          0          0          0          1
[multi_lidar_calibration_ndt_node-1] This transformation can be replicated using:
[multi_lidar_calibration_ndt_node-1] ros2 run tf2_ros static_transform_publisher -0.0891022  -0.732762   -0.24908   2.58636 -0.567749 -0.709654 os_lidar_top os_lidar_left
[multi_lidar_calibration_ndt_node-1] process time: 2195.33ms.
[multi_lidar_calibration_ndt_node-1] 
[multi_lidar_calibration_ndt_node-1] NDT converged.
[multi_lidar_calibration_ndt_node-1] The score is 6.4714
[multi_lidar_calibration_ndt_node-1] Transformation matrix:
[multi_lidar_calibration_ndt_node-1]  -0.716319  -0.697767 0.00278843 -0.0873141
[multi_lidar_calibration_ndt_node-1]   0.445844  -0.460765   -0.76741  -0.734321
[multi_lidar_calibration_ndt_node-1]   0.536758  -0.548468    0.64115  -0.257209
[multi_lidar_calibration_ndt_node-1]          0          0          0          1
[multi_lidar_calibration_ndt_node-1] This transformation can be replicated using:
[multi_lidar_calibration_ndt_node-1] ros2 run tf2_ros static_transform_publisher -0.0873141  -0.734321  -0.257209   2.58486  -0.56659 -0.707646 os_lidar_top os_lidar_left
[multi_lidar_calibration_ndt_node-1] process time: 2244.31ms.
[multi_lidar_calibration_ndt_node-1] 
[multi_lidar_calibration_ndt_node-1] NDT converged.
[multi_lidar_calibration_ndt_node-1] The score is 6.48162
[multi_lidar_calibration_ndt_node-1] Transformation matrix:
[multi_lidar_calibration_ndt_node-1]  -0.716656  -0.697419 0.00332055 -0.0901948
[multi_lidar_calibration_ndt_node-1]   0.444163  -0.460075  -0.768798  -0.729538
[multi_lidar_calibration_ndt_node-1]   0.537701  -0.549489   0.639484  -0.249281
[multi_lidar_calibration_ndt_node-1]          0          0          0          1
[multi_lidar_calibration_ndt_node-1] This transformation can be replicated using:
[multi_lidar_calibration_ndt_node-1] ros2 run tf2_ros static_transform_publisher -0.0901948  -0.729538  -0.249281   2.58676 -0.567708 -0.709851 os_lidar_top os_lidar_left
[multi_lidar_calibration_ndt_node-1] process time: 2218.67ms.
[multi_lidar_calibration_ndt_node-1] 
[multi_lidar_calibration_ndt_node-1] NDT converged.
[multi_lidar_calibration_ndt_node-1] The score is 6.58116
[multi_lidar_calibration_ndt_node-1] Transformation matrix:
[multi_lidar_calibration_ndt_node-1]  -0.716454  -0.697628 0.00286954 -0.0869916
[multi_lidar_calibration_ndt_node-1]   0.445676   -0.46086  -0.767451  -0.733264
[multi_lidar_calibration_ndt_node-1]   0.536718  -0.548565   0.641101  -0.256454
[multi_lidar_calibration_ndt_node-1]          0          0          0          1
[multi_lidar_calibration_ndt_node-1] This transformation can be replicated using:
[multi_lidar_calibration_ndt_node-1] ros2 run tf2_ros static_transform_publisher -0.0869916  -0.733264  -0.256454   2.58511 -0.566543 -0.707771 os_lidar_top os_lidar_left
[multi_lidar_calibration_ndt_node-1] process time: 2155.86ms.
[multi_lidar_calibration_ndt_node-1] 
[multi_lidar_calibration_ndt_node-1] NDT converged.
[multi_lidar_calibration_ndt_node-1] The score is 6.68532
[multi_lidar_calibration_ndt_node-1] Transformation matrix:
[multi_lidar_calibration_ndt_node-1]  -0.716645   -0.69743 0.00322674 -0.0879264
[multi_lidar_calibration_ndt_node-1]   0.446194  -0.462033  -0.766444   -0.73056
[multi_lidar_calibration_ndt_node-1]   0.536032  -0.547829   0.642303  -0.261943
[multi_lidar_calibration_ndt_node-1]          0          0          0          1
[multi_lidar_calibration_ndt_node-1] This transformation can be replicated using:
[multi_lidar_calibration_ndt_node-1] ros2 run tf2_ros static_transform_publisher -0.0879264   -0.73056  -0.261943   2.58471  -0.56573 -0.706183 os_lidar_top os_lidar_left
[multi_lidar_calibration_ndt_node-1] process time: 3446.95ms.
[multi_lidar_calibration_ndt_node-1] 
[multi_lidar_calibration_ndt_node-1] NDT converged.
[multi_lidar_calibration_ndt_node-1] The score is 7.28135
[multi_lidar_calibration_ndt_node-1] Transformation matrix:
[multi_lidar_calibration_ndt_node-1]  -0.716522  -0.697558 0.00302615 -0.0894103
[multi_lidar_calibration_ndt_node-1]   0.446053  -0.461506  -0.766843  -0.732639
[multi_lidar_calibration_ndt_node-1]   0.536314  -0.548111   0.641827    -0.2591
[multi_lidar_calibration_ndt_node-1]          0          0          0          1
[multi_lidar_calibration_ndt_node-1] This transformation can be replicated using:
[multi_lidar_calibration_ndt_node-1] ros2 run tf2_ros static_transform_publisher -0.0894103  -0.732639    -0.2591   2.58478 -0.566064 -0.706803 os_lidar_top os_lidar_left
[multi_lidar_calibration_ndt_node-1] process time: 2190.93ms.
[multi_lidar_calibration_ndt_node-1] 
[multi_lidar_calibration_ndt_node-1] NDT converged.
[multi_lidar_calibration_ndt_node-1] The score is 6.39531
[multi_lidar_calibration_ndt_node-1] Transformation matrix:
[multi_lidar_calibration_ndt_node-1]   -0.71641  -0.697672 0.00325522 -0.0873258
[multi_lidar_calibration_ndt_node-1]   0.444946  -0.460481  -0.768102  -0.730701
[multi_lidar_calibration_ndt_node-1]   0.537382  -0.548828   0.640319  -0.253253
[multi_lidar_calibration_ndt_node-1]          0          0          0          1
[multi_lidar_calibration_ndt_node-1] This transformation can be replicated using:
[multi_lidar_calibration_ndt_node-1] ros2 run tf2_ros static_transform_publisher -0.0873258  -0.730701  -0.253253   2.58582 -0.567329 -0.708611 os_lidar_top os_lidar_left
[multi_lidar_calibration_ndt_node-1] process time: 2255.85ms.
[multi_lidar_calibration_ndt_node-1] 
[multi_lidar_calibration_ndt_node-1] NDT converged.
[multi_lidar_calibration_ndt_node-1] The score is 6.72722
[multi_lidar_calibration_ndt_node-1] Transformation matrix:
[multi_lidar_calibration_ndt_node-1]  -0.716608   -0.69747 0.00301904 -0.0912835
[multi_lidar_calibration_ndt_node-1]   0.444566  -0.460091  -0.768555  -0.731327
[multi_lidar_calibration_ndt_node-1]   0.537433   -0.54941   0.639776  -0.249558
[multi_lidar_calibration_ndt_node-1]          0          0          0          1
[multi_lidar_calibration_ndt_node-1] This transformation can be replicated using:
[multi_lidar_calibration_ndt_node-1] ros2 run tf2_ros static_transform_publisher -0.0912835  -0.731327  -0.249558   2.58633 -0.567391 -0.709554 os_lidar_top os_lidar_left
[multi_lidar_calibration_ndt_node-1] process time: 2188.31ms.
[multi_lidar_calibration_ndt_node-1] 
[multi_lidar_calibration_ndt_node-1] NDT converged.
[multi_lidar_calibration_ndt_node-1] The score is 6.47246
[multi_lidar_calibration_ndt_node-1] Transformation matrix:
[multi_lidar_calibration_ndt_node-1]  -0.716548  -0.697531 0.00330145 -0.0888195
[multi_lidar_calibration_ndt_node-1]   0.444388  -0.460142  -0.768628  -0.731162
[multi_lidar_calibration_ndt_node-1]   0.537661  -0.549291   0.639688   -0.25024
[multi_lidar_calibration_ndt_node-1]          0          0          0          1
[multi_lidar_calibration_ndt_node-1] This transformation can be replicated using:
[multi_lidar_calibration_ndt_node-1] ros2 run tf2_ros static_transform_publisher -0.0888195  -0.731162   -0.25024   2.58647  -0.56766 -0.709516 os_lidar_top os_lidar_left
[multi_lidar_calibration_ndt_node-1] process time: 2186.55ms.
[multi_lidar_calibration_ndt_node-1] 
[multi_lidar_calibration_ndt_node-1] NDT converged.
[multi_lidar_calibration_ndt_node-1] The score is 6.34006
[multi_lidar_calibration_ndt_node-1] Transformation matrix:
[multi_lidar_calibration_ndt_node-1]  -0.716473  -0.697605 0.00360444  -0.088688
[multi_lidar_calibration_ndt_node-1]   0.444944  -0.460946  -0.767824  -0.730073
[multi_lidar_calibration_ndt_node-1]     0.5373  -0.548521   0.640651  -0.254451
[multi_lidar_calibration_ndt_node-1]          0          0          0          1
[multi_lidar_calibration_ndt_node-1] This transformation can be replicated using:
[multi_lidar_calibration_ndt_node-1] ros2 run tf2_ros static_transform_publisher -0.088688 -0.730073 -0.254451   2.58586 -0.567232 -0.708079 os_lidar_top os_lidar_left
[multi_lidar_calibration_ndt_node-1] process time: 2207.08ms.
[multi_lidar_calibration_ndt_node-1] 
[multi_lidar_calibration_ndt_node-1] NDT converged.
[multi_lidar_calibration_ndt_node-1] The score is 12.5686
[multi_lidar_calibration_ndt_node-1] Transformation matrix:
[multi_lidar_calibration_ndt_node-1]  -0.716596   -0.69748 0.00342066 -0.0906723
[multi_lidar_calibration_ndt_node-1]   0.445709  -0.461686  -0.766936  -0.729326
[multi_lidar_calibration_ndt_node-1]   0.536502  -0.548058   0.641715  -0.259838
[multi_lidar_calibration_ndt_node-1]          0          0          0          1
[multi_lidar_calibration_ndt_node-1] This transformation can be replicated using:
[multi_lidar_calibration_ndt_node-1] ros2 run tf2_ros static_transform_publisher -0.0906723  -0.729326  -0.259838   2.58517 -0.566286 -0.706842 os_lidar_top os_lidar_left
[multi_lidar_calibration_ndt_node-1] process time: 2211.14ms.
[multi_lidar_calibration_ndt_node-1] 
[multi_lidar_calibration_ndt_node-1] NDT converged.
[multi_lidar_calibration_ndt_node-1] The score is 6.98204
[multi_lidar_calibration_ndt_node-1] Transformation matrix:
[multi_lidar_calibration_ndt_node-1]  -0.716502  -0.697577 0.00333972 -0.0906327
[multi_lidar_calibration_ndt_node-1]   0.444803  -0.460548  -0.768145   -0.72975
[multi_lidar_calibration_ndt_node-1]   0.537378  -0.548892   0.640267  -0.253305
[multi_lidar_calibration_ndt_node-1]          0          0          0          1
[multi_lidar_calibration_ndt_node-1] This transformation can be replicated using:
[multi_lidar_calibration_ndt_node-1] ros2 run tf2_ros static_transform_publisher -0.0906327   -0.72975  -0.253305   2.58602 -0.567326 -0.708708 os_lidar_top os_lidar_left
[multi_lidar_calibration_ndt_node-1] process time: 3435.76ms.
[multi_lidar_calibration_ndt_node-1] 
[multi_lidar_calibration_ndt_node-1] NDT converged.
[multi_lidar_calibration_ndt_node-1] The score is 6.70443
[multi_lidar_calibration_ndt_node-1] Transformation matrix:
[multi_lidar_calibration_ndt_node-1]  -0.716362  -0.697721 0.00324124 -0.0906322
[multi_lidar_calibration_ndt_node-1]   0.443707  -0.459137  -0.769621  -0.731532
[multi_lidar_calibration_ndt_node-1]   0.538469  -0.549889   0.638493  -0.244683
[multi_lidar_calibration_ndt_node-1]          0          0          0          1
[multi_lidar_calibration_ndt_node-1] This transformation can be replicated using:
[multi_lidar_calibration_ndt_node-1] ros2 run tf2_ros static_transform_publisher -0.0906322  -0.731532  -0.244683   2.58704 -0.568619 -0.710978 os_lidar_top os_lidar_left
[multi_lidar_calibration_ndt_node-1] process time: 3401.76ms.
[multi_lidar_calibration_ndt_node-1] 
[multi_lidar_calibration_ndt_node-1] NDT converged.
[multi_lidar_calibration_ndt_node-1] The score is 6.59431
[multi_lidar_calibration_ndt_node-1] Transformation matrix:
[multi_lidar_calibration_ndt_node-1]   -0.71643  -0.697652 0.00316835 -0.0887504
[multi_lidar_calibration_ndt_node-1]   0.444251  -0.459701  -0.768971    -0.7308
[multi_lidar_calibration_ndt_node-1]    0.53793  -0.549506   0.639276  -0.248438
[multi_lidar_calibration_ndt_node-1]          0          0          0          1
[multi_lidar_calibration_ndt_node-1] This transformation can be replicated using:
[multi_lidar_calibration_ndt_node-1] ros2 run tf2_ros static_transform_publisher -0.0887504    -0.7308  -0.248438   2.58653  -0.56798 -0.710027 os_lidar_top os_lidar_left
[multi_lidar_calibration_ndt_node-1] process time: 2191.34ms.
[multi_lidar_calibration_ndt_node-1] 
[multi_lidar_calibration_ndt_node-1] NDT converged.
[multi_lidar_calibration_ndt_node-1] The score is 6.68939
[multi_lidar_calibration_ndt_node-1] Transformation matrix:
[multi_lidar_calibration_ndt_node-1]  -0.716751  -0.697318 0.00393373 -0.0908402
[multi_lidar_calibration_ndt_node-1]   0.442954   -0.45964  -0.769755  -0.727483
[multi_lidar_calibration_ndt_node-1]   0.538572   -0.54998   0.638327  -0.243215
[multi_lidar_calibration_ndt_node-1]          0          0          0          1
[multi_lidar_calibration_ndt_node-1] This transformation can be replicated using:
[multi_lidar_calibration_ndt_node-1] ros2 run tf2_ros static_transform_publisher -0.0908402  -0.727483  -0.243215   2.58804 -0.568742 -0.711188 os_lidar_top os_lidar_left
[multi_lidar_calibration_ndt_node-1] process time: 2153.98ms.
[multi_lidar_calibration_ndt_node-1] 
[multi_lidar_calibration_ndt_node-1] NDT converged.
[multi_lidar_calibration_ndt_node-1] The score is 7.63203
[multi_lidar_calibration_ndt_node-1] Transformation matrix:
[multi_lidar_calibration_ndt_node-1]  -0.716398  -0.697686 0.00289276 -0.0898684
[multi_lidar_calibration_ndt_node-1]   0.444933  -0.460052  -0.768367  -0.735774
[multi_lidar_calibration_ndt_node-1]   0.537409  -0.549169   0.640004  -0.251915
[multi_lidar_calibration_ndt_node-1]          0          0          0          1
[multi_lidar_calibration_ndt_node-1] This transformation can be replicated using:
[multi_lidar_calibration_ndt_node-1] ros2 run tf2_ros static_transform_publisher -0.0898684  -0.735774  -0.251915   2.58582 -0.567362 -0.709162 os_lidar_top os_lidar_left
[multi_lidar_calibration_ndt_node-1] process time: 2207.35ms.
[multi_lidar_calibration_ndt_node-1] 
[multi_lidar_calibration_ndt_node-1] NDT converged.
[multi_lidar_calibration_ndt_node-1] The score is 7.17518
[multi_lidar_calibration_ndt_node-1] Transformation matrix:
[multi_lidar_calibration_ndt_node-1]  -0.716398  -0.697685 0.00289474 -0.0899403
[multi_lidar_calibration_ndt_node-1]   0.444861  -0.459981   -0.76845  -0.735841
[multi_lidar_calibration_ndt_node-1]   0.537468  -0.549229   0.639903  -0.251443
[multi_lidar_calibration_ndt_node-1]          0          0          0          1
[multi_lidar_calibration_ndt_node-1] This transformation can be replicated using:
[multi_lidar_calibration_ndt_node-1] ros2 run tf2_ros static_transform_publisher -0.0899403  -0.735841  -0.251443    2.5859 -0.567432 -0.709293 os_lidar_top os_lidar_left
[multi_lidar_calibration_ndt_node-1] process time: 4687.76ms.
[multi_lidar_calibration_ndt_node-1] 
[multi_lidar_calibration_ndt_node-1] NDT converged.
[multi_lidar_calibration_ndt_node-1] The score is 6.59097
[multi_lidar_calibration_ndt_node-1] Transformation matrix:
[multi_lidar_calibration_ndt_node-1]  -0.716249  -0.697837 0.00312791 -0.0886006
[multi_lidar_calibration_ndt_node-1]   0.444381  -0.459552  -0.768985   -0.73332
[multi_lidar_calibration_ndt_node-1]   0.538064  -0.549395    0.63926  -0.246594
[multi_lidar_calibration_ndt_node-1]          0          0          0          1
[multi_lidar_calibration_ndt_node-1] This transformation can be replicated using:
[multi_lidar_calibration_ndt_node-1] ros2 run tf2_ros static_transform_publisher -0.0886006   -0.73332  -0.246594   2.58629 -0.568138  -0.70994 os_lidar_top os_lidar_left
[multi_lidar_calibration_ndt_node-1] process time: 2199.25ms.
[multi_lidar_calibration_ndt_node-1] 
[multi_lidar_calibration_ndt_node-1] NDT converged.
[multi_lidar_calibration_ndt_node-1] The score is 6.69329
[multi_lidar_calibration_ndt_node-1] Transformation matrix:
[multi_lidar_calibration_ndt_node-1]  -0.716363  -0.697719 0.00336765 -0.0886254
[multi_lidar_calibration_ndt_node-1]   0.444222  -0.459804  -0.768926  -0.731218
[multi_lidar_calibration_ndt_node-1]   0.538043  -0.549334   0.639329  -0.246902
[multi_lidar_calibration_ndt_node-1]          0          0          0          1
[multi_lidar_calibration_ndt_node-1] This transformation can be replicated using:
[multi_lidar_calibration_ndt_node-1] ros2 run tf2_ros static_transform_publisher -0.0886254  -0.731218  -0.246902   2.58652 -0.568114 -0.709831 os_lidar_top os_lidar_left
[multi_lidar_calibration_ndt_node-1] process time: 2223.69ms.
[multi_lidar_calibration_ndt_node-1] 
[multi_lidar_calibration_ndt_node-1] NDT converged.
[multi_lidar_calibration_ndt_node-1] The score is 6.49053
[multi_lidar_calibration_ndt_node-1] Transformation matrix:
[multi_lidar_calibration_ndt_node-1]  -0.716498  -0.697582 0.00317738 -0.0903388
[multi_lidar_calibration_ndt_node-1]   0.445107  -0.460675  -0.767892  -0.732264
[multi_lidar_calibration_ndt_node-1]   0.537131  -0.548779   0.640572  -0.253779
[multi_lidar_calibration_ndt_node-1]          0          0          0          1
[multi_lidar_calibration_ndt_node-1] This transformation can be replicated using:
[multi_lidar_calibration_ndt_node-1] ros2 run tf2_ros static_transform_publisher -0.0903388  -0.732264  -0.253779   2.58571 -0.567032 -0.708372 os_lidar_top os_lidar_left
[WARNING] [launch]: user interrupted with ctrl-c (SIGINT)
[multi_lidar_calibration_ndt_node-1] [INFO] [1740166151.802917309] [rclcpp]: signal_handler(signum=2)
[multi_lidar_calibration_ndt_node-1] process time: 2158.23ms.
[multi_lidar_calibration_ndt_node-1] 
[INFO] [multi_lidar_calibration_ndt_node-1]: process has finished cleanly [pid 24728]
